<svg width="30" height="15" viewBox="0 0 30 15" version="1.1" xmlns="http://www.w3.org/2000/svg" xmlns:xlink="http://www.w3.org/1999/xlink">
<title>strikethrough</title>
<desc>Created using Figma</desc>
<g id="Canvas" transform="translate(1509 -12323)">
<g id="strikethrough">
<g id="abc">
<use xlink:href="#path0_fill" transform="translate(-1506.45 12323.9)" fill="#6496CB"/>
<use xlink:href="#path1_fill" transform="translate(-1506.45 12323.9)" fill="#6496CB"/>
<use xlink:href="#path2_fill" transform="translate(-1506.45 12323.9)" fill="#6496CB"/>
</g>
<g id="Line 7.1 (Stroke)">
<use xlink:href="#path3_fill" transform="translate(-1508.56 12332.6)" fill="#6496CB"/>
</g>
</g>
</g>
<defs>
<path id="path0_fill" d="M 2.74596 13.5972C 1.92533 13.5972 1.26251 13.351 0.757506 12.8587C 0.252502 12.3537 0 11.6908 0 10.8702C 0 10.3778 0.101001 9.94227 0.303002 9.56352C 0.517629 9.17214 0.845882 8.83757 1.28776 8.55982C 1.74226 8.28207 2.31039 8.0485 2.99215 7.85913C 3.68653 7.66975 4.51347 7.52456 5.47298 7.42356C 5.46036 7.18368 5.42248 6.95643 5.35936 6.7418C 5.30886 6.51455 5.21417 6.31886 5.07529 6.15474C 4.94904 5.97799 4.7786 5.84542 4.56397 5.75705C 4.34935 5.65605 4.08422 5.60554 3.76859 5.60554C 3.31409 5.60554 2.8659 5.69392 2.42402 5.87067C 1.99477 6.04742 1.57183 6.26205 1.1552 6.51455L 0.359815 5.05635C 0.877445 4.7281 1.4582 4.44404 2.10208 4.20416C 2.74596 3.96428 3.44034 3.84434 4.18522 3.84434C 5.34673 3.84434 6.21155 4.19153 6.77968 4.88591C 7.36043 5.56767 7.65081 6.55874 7.65081 7.85913L 7.65081 13.37L 5.85173 13.37L 5.70023 12.3473L 5.62448 12.3473C 5.20785 12.7009 4.75966 12.9975 4.27991 13.2374C 3.81278 13.4773 3.30146 13.5972 2.74596 13.5972ZM 3.44665 11.8928C 3.82541 11.8928 4.16628 11.8045 4.46929 11.6277C 4.78491 11.451 5.11948 11.1985 5.47298 10.8702L 5.47298 8.78707C 4.84173 8.86282 4.31147 8.96382 3.88222 9.09007C 3.45297 9.21632 3.10578 9.36151 2.84065 9.52564C 2.57552 9.67714 2.38614 9.85389 2.27252 10.0559C 2.15889 10.2579 2.10208 10.4725 2.10208 10.6998C 2.10208 11.1164 2.22833 11.4194 2.48083 11.6088C 2.73333 11.7982 3.05527 11.8928 3.44665 11.8928Z"/>
<path id="path1_fill" d="M 13.0283 13.5972C 12.5991 13.5972 12.1635 13.4962 11.7216 13.2942C 11.2924 13.0796 10.882 12.7766 10.4907 12.3852L 10.4339 12.3852L 10.2445 13.37L 8.52115 13.37L 8.52115 0L 10.699 0L 10.699 3.44665L 10.6422 4.99954C 11.0335 4.65866 11.4565 4.38091 11.911 4.16628C 12.3781 3.95166 12.8516 3.84434 13.3313 3.84434C 13.9121 3.84434 14.4297 3.95797 14.8842 4.18522C 15.3387 4.39985 15.7238 4.71548 16.0394 5.1321C 16.355 5.53611 16.5949 6.02849 16.759 6.60924C 16.9232 7.18999 17.0052 7.84019 17.0052 8.55982C 17.0052 9.3552 16.8916 10.0685 16.6643 10.6998C 16.4497 11.3184 16.1593 11.8423 15.7932 12.2716C 15.4271 12.7009 15.0041 13.0291 14.5244 13.2564C 14.0446 13.4836 13.5459 13.5972 13.0283 13.5972ZM 12.5738 11.7982C 13.1924 11.7982 13.7101 11.533 14.1267 11.0028C 14.5433 10.4599 14.7516 9.6582 14.7516 8.59769C 14.7516 7.66344 14.5938 6.93749 14.2782 6.41986C 13.9626 5.90223 13.4513 5.64342 12.7443 5.64342C 12.0877 5.64342 11.406 5.99061 10.699 6.68499L 10.699 11.0217C 11.0272 11.3121 11.3492 11.5141 11.6648 11.6277C 11.9931 11.7413 12.2961 11.7982 12.5738 11.7982Z"/>
<path id="path2_fill" d="M 22.1274 13.5972C 21.4962 13.5972 20.9028 13.4899 20.3473 13.2753C 19.8044 13.0607 19.331 12.745 18.927 12.3284C 18.5229 11.9118 18.2073 11.4005 17.9801 10.7945C 17.7528 10.1885 17.6392 9.50039 17.6392 8.73026C 17.6392 7.96013 17.7654 7.27206 18.0179 6.66605C 18.2704 6.06005 18.6113 5.54873 19.0406 5.1321C 19.4698 4.71548 19.9622 4.39985 20.5177 4.18522C 21.0858 3.95797 21.6792 3.84434 22.2979 3.84434C 22.9039 3.84434 23.4215 3.94534 23.8507 4.14735C 24.2926 4.34935 24.684 4.59554 25.0249 4.88591L 23.9644 6.30624C 23.7119 6.09161 23.4594 5.92748 23.2069 5.81386C 22.967 5.68761 22.7019 5.62448 22.4115 5.62448C 21.654 5.62448 21.0417 5.90855 20.5745 6.47668C 20.1074 7.03218 19.8738 7.78338 19.8738 8.73026C 19.8738 9.66452 20.1011 10.4157 20.5556 10.9838C 21.0227 11.5393 21.6224 11.8171 22.3547 11.8171C 22.7208 11.8171 23.0617 11.7413 23.3773 11.5898C 23.7056 11.4257 24.0022 11.2363 24.2674 11.0217L 25.1574 12.461C 24.7156 12.8397 24.2295 13.1238 23.6992 13.3132C 23.1816 13.5025 22.6577 13.5972 22.1274 13.5972Z"/>
<path id="path3_fill" fill-rule="evenodd" d="M 28.7221 1L 0 1L 0 0L 28.7221 0L 28.7221 1Z"/>
</defs>
</svg>
