<svg width="19" height="17" viewBox="0 0 19 17" version="1.1" xmlns="http://www.w3.org/2000/svg" xmlns:xlink="http://www.w3.org/1999/xlink">
<title>percentw</title>
<desc>Created using Figma</desc>
<g id="Canvas" transform="translate(1752 -12564)">
<g id="percentw">
<use xlink:href="#path0_fill" transform="translate(-1751.62 12564.5)" fill="#FFFFFF"/>
</g>
</g>
<defs>
<path id="path0_fill" d="M 3.59757 9.5474C 2.53675 9.5474 1.6681 9.1323 0.991638 8.30209C 0.330546 7.4565 0 6.27269 0 4.75064C 0 3.22859 0.330546 2.06015 0.991638 1.24531C 1.6681 0.415105 2.53675 0 3.59757 0C 4.65839 0 5.51935 0.415105 6.18044 1.24531C 6.85691 2.06015 7.19514 3.22859 7.19514 4.75064C 7.19514 6.27269 6.85691 7.4565 6.18044 8.30209C 5.51935 9.1323 4.65839 9.5474 3.59757 9.5474ZM 3.59757 8.00229C 4.08955 8.00229 4.48928 7.74861 4.79676 7.24126C 5.11962 6.71854 5.28105 5.88833 5.28105 4.75064C 5.28105 3.61295 5.11962 2.79811 4.79676 2.30614C 4.48928 1.79879 4.08955 1.54511 3.59757 1.54511C 3.1056 1.54511 2.69818 1.79879 2.37532 2.30614C 2.06783 2.79811 1.91409 3.61295 1.91409 4.75064C 1.91409 5.88833 2.06783 6.71854 2.37532 7.24126C 2.69818 7.74861 3.1056 8.00229 3.59757 8.00229ZM 4.0588 15.6356L 12.2917 0L 13.906 0L 5.69615 15.6356L 4.0588 15.6356ZM 14.4133 15.6356C 13.3525 15.6356 12.4839 15.2205 11.8074 14.3903C 11.1463 13.5447 10.8158 12.3609 10.8158 10.8388C 10.8158 9.31679 11.1463 8.14834 11.8074 7.33351C 12.4839 6.5033 13.3525 6.0882 14.4133 6.0882C 15.4742 6.0882 16.3351 6.5033 16.9962 7.33351C 17.6727 8.14834 18.0109 9.31679 18.0109 10.8388C 18.0109 12.3609 17.6727 13.5447 16.9962 14.3903C 16.3351 15.2205 15.4742 15.6356 14.4133 15.6356ZM 14.4133 14.0905C 14.9053 14.0905 15.3051 13.8368 15.6125 13.3295C 15.9354 12.8067 16.0968 11.9765 16.0968 10.8388C 16.0968 9.70114 15.9354 8.88631 15.6125 8.39433C 15.3051 7.88698 14.9053 7.63331 14.4133 7.63331C 13.9214 7.63331 13.514 7.88698 13.1911 8.39433C 12.8836 8.88631 12.7299 9.70114 12.7299 10.8388C 12.7299 11.9765 12.8836 12.8067 13.1911 13.3295C 13.514 13.8368 13.9214 14.0905 14.4133 14.0905Z"/>
</defs>
</svg>
